{
 "cells": [
  {
   "cell_type": "markdown",
   "id": "b686cacf",
   "metadata": {},
   "source": [
    "# Question 1\n"
   ]
  },
  {
   "cell_type": "markdown",
   "id": "3208ba08",
   "metadata": {},
   "source": [
    "## (a)"
   ]
  },
  {
   "cell_type": "code",
   "execution_count": 42,
   "id": "7059cd6b",
   "metadata": {},
   "outputs": [],
   "source": [
    "P_neg_given_M = 0.05\n",
    "P_pos_given_notM = 0.05\n",
    "P_notM = 0.99"
   ]
  },
  {
   "cell_type": "markdown",
   "id": "dcf6c4e8",
   "metadata": {},
   "source": [
    "## (b)"
   ]
  },
  {
   "cell_type": "code",
   "execution_count": 43,
   "id": "72852762",
   "metadata": {},
   "outputs": [],
   "source": [
    "# want to figure out P[M|+]\n",
    "# we can use bayes equation which says P[M|+] = P[+|M] * P[M] / P[+]\n",
    "# P[M|+] = 0.95 * 0.01 / P[+]\n",
    "# we know P[+] = P(+ and M) + P(+ and notM)\n",
    "# so P[+] = P[+|M] * P[M] + P[+|not M] * P[not M] = 0.95 * 0.01 + 0.05 * 0.99 = 0.059\n",
    "# then P[M|+] = 0.95 * 0.01 / 0.059 = 0.161\n",
    "\n",
    "# 16.1% chance"
   ]
  },
  {
   "cell_type": "markdown",
   "id": "04f9f801",
   "metadata": {},
   "source": [
    "## (c)"
   ]
  },
  {
   "cell_type": "code",
   "execution_count": 44,
   "id": "97ed608f",
   "metadata": {},
   "outputs": [],
   "source": [
    "# P[M|+] = 0.95 * 0.1 / P[+]\n",
    "# P[+] = P[+|M] * P[M] + P[+|not M] * P[not M] = 0.95 * 0.1 + 0.05 * 0.9 = 0.14\n",
    "# then P[M|+] = 0.95 * 0.1 / 0.14 = 0.678\n",
    "\n",
    "# 67.8% chance"
   ]
  },
  {
   "cell_type": "markdown",
   "id": "0f4b5f11",
   "metadata": {},
   "source": [
    "# Question 2\n",
    "\n",
    "## (a)"
   ]
  },
  {
   "cell_type": "code",
   "execution_count": 45,
   "id": "f581d2ae",
   "metadata": {},
   "outputs": [],
   "source": [
    "import numpy as np\n",
    "import pandas as pd\n",
    "import matplotlib.pyplot as plt\n",
    "from sklearn.preprocessing import StandardScaler"
   ]
  },
  {
   "cell_type": "code",
   "execution_count": 46,
   "id": "a744c962",
   "metadata": {},
   "outputs": [],
   "source": [
    "class NaiveBayesClassifier():\n",
    "    def __init__(self):\n",
    "        self.cls = []\n",
    "        self.cls_stats = []\n",
    "        self.prior_prob = []\n",
    "        self.trained = False\n",
    "    \n",
    "    @staticmethod\n",
    "    def gaussian(X, mean, std):\n",
    "        \"\"\"\n",
    "        Gaussain probability distribution function\n",
    "        \n",
    "        Parameters\n",
    "        ----------\n",
    "        X: numpy.ndarray\n",
    "            Input data, shape (n_samples, n_features)\n",
    "        mean: numpy.ndarray\n",
    "            Average of each feature, shape (n_features,)\n",
    "        std: numpy.ndarray\n",
    "            Standard deviation of each feature, shape (n_features,)\n",
    "            \n",
    "        Returns\n",
    "        -------\n",
    "        prob: numpy.ndarray\n",
    "            Probability of each feature, shape (n_samples, n_features)\n",
    "        \"\"\"\n",
    "        norm = 1 / np.sqrt(2 * np.pi * std**2)\n",
    "        prob = norm * np.exp(-(X - mean)**2 / (2 * std**2))\n",
    "        return prob\n",
    "    \n",
    "    @staticmethod\n",
    "    def calculate_statistics(X):\n",
    "        \"\"\"\n",
    "        Calculate the average and standard deviation of each feature based on the input data\n",
    "        \n",
    "        Parameters\n",
    "        ----------\n",
    "        X: numpy.ndarray\n",
    "            Input data, shape (n_samples, n_features)\n",
    "            \n",
    "        Returns\n",
    "        -------\n",
    "        mean: numpy.ndarray\n",
    "            Average of each feature, shape (n_features,)\n",
    "        std: numpy.ndarray\n",
    "            Standard deviation of each feature, shape (n_features,)\n",
    "        \"\"\"\n",
    "        mean = np.mean(X, axis=0)\n",
    "        std = np.std(X, axis=0)\n",
    "        return mean, std\n",
    "    \n",
    "    @staticmethod\n",
    "    def calculate_prob(X, mean, std):\n",
    "        \"\"\"\n",
    "        Calculate the prior probability that the input features belong to a specific class,\n",
    "        i.e. P(X | C) = \\prod_i P(X_i | C)\n",
    "        which is defined by the statistics of features in that class.\n",
    "        \n",
    "        Gaussain probability distribution function\n",
    "        \n",
    "        Parameters\n",
    "        ----------\n",
    "        X: numpy.ndarray\n",
    "            Input data, shape (n_samples, n_features)\n",
    "        mean: numpy.ndarray\n",
    "            Average of each feature in the speific class, shape (n_features,)\n",
    "        std: numpy.ndarray\n",
    "            Standard deviation of each feature in the specific class, shape (n_features,)\n",
    "            \n",
    "        Returns\n",
    "        -------\n",
    "        prob: numpy.ndarray\n",
    "            Probability that the features belong to a spcefic class, shape (n_samples,)\n",
    "        \"\"\"\n",
    "        prob = np.product(\n",
    "            NaiveBayesClassifier.gaussian(X, mean, std),\n",
    "            axis=1\n",
    "        )\n",
    "        return prob\n",
    "    \n",
    "    def fit(self, X, y):\n",
    "        \"\"\"\n",
    "        Train the classifier by calculating the statistics of different features in each class\n",
    "        \n",
    "        Parameters\n",
    "        ----------\n",
    "        X: numpy.ndarray\n",
    "            Input data, shape (n_samples, n_features)\n",
    "        y: numpy.ndarray\n",
    "            Labels (the actual classes), shape (n_samples)\n",
    "        \"\"\"\n",
    "        ndata = y.shape[0]\n",
    "        self.cls = np.unique(y)\n",
    "        for i in range(len(self.cls)):\n",
    "            cls_filter = (y == self.cls[i])\n",
    "            self.prior_prob.append(np.sum(cls_filter) / ndata)\n",
    "            self.cls_stats.append(NaiveBayesClassifier.calculate_statistics(X[cls_filter]))\n",
    "        self.trained = True\n",
    "            \n",
    "    def predict(self, X):\n",
    "        # Do the prediction by outputing the class that has highest probability\n",
    "        assert self.trained, f\"The classfier has not been trained. Call {self.__class__.__name__}.fit first\"\n",
    "        probs = [\n",
    "            self.calculate_prob(X, *self.cls_stats[i]) * self.prior_prob[i] for i in range(len(self.cls))\n",
    "        ]\n",
    "        return self.cls[np.argmax(probs, axis=0)]"
   ]
  },
  {
   "cell_type": "markdown",
   "id": "bef4eab5",
   "metadata": {},
   "source": [
    "We choose to use a gaussian to represent the PDF because it mirrors the statistical patterns of many real-life scenarios. Also the gaussian naive bayes has feature independence. "
   ]
  },
  {
   "cell_type": "code",
   "execution_count": 119,
   "id": "b3d89008",
   "metadata": {},
   "outputs": [
    {
     "name": "stdout",
     "output_type": "stream",
     "text": [
      "[0.23236758]\n"
     ]
    }
   ],
   "source": [
    "classifier = NaiveBayesClassifier()\n",
    "df = pd.read_csv(\"wines.csv\")\n",
    "\n",
    "new = df[df['Alcohol %'] >= 12.9]\n",
    "alc13 = new[new['Alcohol %'] <= 13.5]\n",
    "rank1_and_alc13 = alc13[alc13['ranking'] == 1]\n",
    "rank1_and_alc13_array = rank1_and_alc13[['Alcohol %', 'ranking']].values\n",
    "\n",
    "new = df[df['ranking'] == 1]\n",
    "alcohol = new[[\"Alcohol %\"]].values\n",
    "mean, std = classifier.calculate_statistics(alcohol)\n",
    "prob = classifier.gaussian(13, mean, std)\n",
    "\n",
    "print(prob)"
   ]
  },
  {
   "cell_type": "markdown",
   "id": "52a38883",
   "metadata": {},
   "source": [
    "## (b)"
   ]
  },
  {
   "cell_type": "markdown",
   "id": "2fcbcdce",
   "metadata": {},
   "source": [
    "Preprocess data:\n",
    "+ Select relevant descriptors (columns other than \"Start assignment\" and \"ranking\"). Should get *178 datapoints and 13 features*.\n",
    "+ Normalize the data with `StandardScaler` in sklearn.\n",
    "+ The labels are in the \"ranking\" column.\n",
    "\n",
    "*For debugging*: The accuracy could reach over 95\\%."
   ]
  },
  {
   "cell_type": "code",
   "execution_count": 78,
   "id": "a0450667",
   "metadata": {},
   "outputs": [],
   "source": [
    "from sklearn.model_selection import train_test_split, KFold\n",
    "\n",
    "def calculate_accuracy(model, X, y):\n",
    "    model.fit(X, y)\n",
    "    y_pred = model.predict(X)\n",
    "    acc = np.sum(y_pred == y) / len(y)\n",
    "    return acc\n",
    "\n",
    "def KFoldNaiveBayes(k, X, y):\n",
    "    \"\"\"\n",
    "    K-Fold Cross Validation for Naive Bayes Classifier\n",
    "    \n",
    "    Parameters\n",
    "    ---------\n",
    "    k: int\n",
    "        Number of folds\n",
    "    X: numpy.ndarray\n",
    "        Input data, shape (n_samples, n_features)\n",
    "    y: numpy.ndarray\n",
    "        Class labels, shape (n_samples)\n",
    "    \"\"\"\n",
    "    \n",
    "        \n",
    "    kf = KFold(n_splits=k, shuffle=True)\n",
    "    train_acc_all = []\n",
    "    test_acc_all = []\n",
    "    for train_index, test_index in kf.split(X):\n",
    "        X_train, X_test = X[train_index], X[test_index]\n",
    "        y_train, y_test = y[train_index], y[test_index]\n",
    "        \n",
    "        model = NaiveBayesClassifier()\n",
    "        \n",
    "        # Report prediction accuracy for this fold\n",
    "        # use the calculate_accuracy() function\n",
    "        train_acc = calculate_accuracy(model, X_train, y_train)\n",
    "        train_acc_all.append(train_acc)\n",
    "        test_acc = calculate_accuracy(model, X_test, y_test)\n",
    "        test_acc_all.append(test_acc)\n",
    "        print(\"Train accuracy:\", train_acc)\n",
    "        print(\"Test accuracy:\", test_acc)\n",
    "    \n",
    "    # report mean & std for the training/testing accuracy\n",
    "    print(\"Final results:\")\n",
    "    print(f\"Training accuracy:, {np.mean(train_acc_all)}+/-{np.std(train_acc_all)}\")\n",
    "    print(f\"Testing  accuracy:, {np.mean(test_acc_all)}+/-{np.std(test_acc_all)}\")"
   ]
  },
  {
   "cell_type": "code",
   "execution_count": 80,
   "id": "104efc08",
   "metadata": {},
   "outputs": [
    {
     "name": "stdout",
     "output_type": "stream",
     "text": [
      "Train accuracy: 0.9915254237288136\n",
      "Test accuracy: 0.9833333333333333\n",
      "Train accuracy: 0.9831932773109243\n",
      "Test accuracy: 0.9661016949152542\n",
      "Train accuracy: 0.9831932773109243\n",
      "Test accuracy: 1.0\n",
      "Final results:\n",
      "Training accuracy:, 0.9859706594502208+/-0.0039278114892858\n",
      "Testing  accuracy:, 0.9831450094161959+/-0.013839565776616691\n"
     ]
    }
   ],
   "source": [
    "from sklearn.preprocessing import StandardScaler\n",
    "\n",
    "features = df.drop(['Start assignment', 'ranking'], axis=1)\n",
    "X = StandardScaler().fit_transform(features)\n",
    "y = df['ranking']\n",
    "KFoldNaiveBayes(3, X, y)"
   ]
  },
  {
   "cell_type": "markdown",
   "id": "5ab41ca4",
   "metadata": {},
   "source": [
    "# Question 3\n",
    "\n",
    "## (a)"
   ]
  },
  {
   "cell_type": "code",
   "execution_count": 81,
   "id": "5a1a2941",
   "metadata": {},
   "outputs": [],
   "source": [
    "import torch\n",
    "import torch.nn as nn"
   ]
  },
  {
   "cell_type": "code",
   "execution_count": 117,
   "id": "79a03166",
   "metadata": {},
   "outputs": [],
   "source": [
    "# Define your model here\n",
    "\n",
    "softmax = nn.Softmax(dim=1)\n",
    "cross_entropy = nn.CrossEntropyLoss()\n",
    "\n",
    "class Net(nn.Module):\n",
    "    def __init__(self):\n",
    "        super().__init__()\n",
    "        # create a net with one hidden layer\n",
    "        # input_dim 13, hidden_dim 3, output_dim 3\n",
    "        # use ReLU and softmax activation func\n",
    "        self.layers = nn.Sequential(\n",
    "            nn.Linear(13,3), # only the weights times input plus bias\n",
    "            nn.Softmax(dim=1)\n",
    "        )\n",
    "    \n",
    "    def forward(self, X):\n",
    "        return self.layers(X)\n",
    "\n",
    "\n",
    "model = Net()"
   ]
  },
  {
   "cell_type": "code",
   "execution_count": 118,
   "id": "343c131a",
   "metadata": {},
   "outputs": [
    {
     "name": "stdout",
     "output_type": "stream",
     "text": [
      "tensor([[0.5908, 0.2483, 0.1609],\n",
      "        [0.4446, 0.3020, 0.2534],\n",
      "        [0.4503, 0.3298, 0.2199],\n",
      "        [0.2749, 0.2275, 0.4976],\n",
      "        [0.4568, 0.3520, 0.1912],\n",
      "        [0.5177, 0.2484, 0.2340],\n",
      "        [0.1615, 0.3919, 0.4467],\n",
      "        [0.3648, 0.4472, 0.1880],\n",
      "        [0.2613, 0.2679, 0.4708],\n",
      "        [0.6392, 0.2361, 0.1246],\n",
      "        [0.2248, 0.3737, 0.4015],\n",
      "        [0.4571, 0.2612, 0.2817],\n",
      "        [0.3313, 0.3128, 0.3559],\n",
      "        [0.3761, 0.2799, 0.3440],\n",
      "        [0.4273, 0.4028, 0.1699],\n",
      "        [0.1694, 0.2256, 0.6051],\n",
      "        [0.4551, 0.3873, 0.1576],\n",
      "        [0.3698, 0.2558, 0.3744],\n",
      "        [0.2646, 0.2573, 0.4781],\n",
      "        [0.4918, 0.2523, 0.2559],\n",
      "        [0.3549, 0.2655, 0.3796],\n",
      "        [0.4919, 0.2867, 0.2214],\n",
      "        [0.4795, 0.2658, 0.2546],\n",
      "        [0.2616, 0.2889, 0.4494],\n",
      "        [0.2400, 0.2336, 0.5264],\n",
      "        [0.3406, 0.3089, 0.3505],\n",
      "        [0.4203, 0.3718, 0.2078],\n",
      "        [0.3063, 0.3077, 0.3861],\n",
      "        [0.1628, 0.2255, 0.6117],\n",
      "        [0.5053, 0.2415, 0.2531],\n",
      "        [0.3585, 0.2723, 0.3691],\n",
      "        [0.4256, 0.4119, 0.1625],\n",
      "        [0.3815, 0.2880, 0.3305],\n",
      "        [0.2588, 0.2575, 0.4837],\n",
      "        [0.1494, 0.2583, 0.5924],\n",
      "        [0.3357, 0.2604, 0.4039],\n",
      "        [0.1542, 0.2564, 0.5894],\n",
      "        [0.5298, 0.3157, 0.1545],\n",
      "        [0.2577, 0.3113, 0.4310],\n",
      "        [0.6354, 0.2179, 0.1467],\n",
      "        [0.4422, 0.4362, 0.1216],\n",
      "        [0.1369, 0.1870, 0.6761],\n",
      "        [0.3108, 0.2789, 0.4103],\n",
      "        [0.1035, 0.3214, 0.5751],\n",
      "        [0.2367, 0.2414, 0.5219],\n",
      "        [0.3252, 0.2935, 0.3813],\n",
      "        [0.2956, 0.2518, 0.4526],\n",
      "        [0.2018, 0.2883, 0.5099],\n",
      "        [0.3350, 0.3338, 0.3312],\n",
      "        [0.2955, 0.1319, 0.5726],\n",
      "        [0.1065, 0.3690, 0.5245],\n",
      "        [0.3337, 0.2315, 0.4348],\n",
      "        [0.3396, 0.3814, 0.2790],\n",
      "        [0.1783, 0.2495, 0.5722],\n",
      "        [0.3338, 0.3053, 0.3610],\n",
      "        [0.4824, 0.3614, 0.1563],\n",
      "        [0.3645, 0.2905, 0.3450],\n",
      "        [0.3609, 0.3000, 0.3391],\n",
      "        [0.2678, 0.2480, 0.4841],\n",
      "        [0.4484, 0.2838, 0.2679],\n",
      "        [0.2166, 0.2351, 0.5483],\n",
      "        [0.3262, 0.2557, 0.4182],\n",
      "        [0.1730, 0.1865, 0.6404],\n",
      "        [0.3507, 0.4353, 0.2140],\n",
      "        [0.5057, 0.2856, 0.2087],\n",
      "        [0.3448, 0.3957, 0.2595],\n",
      "        [0.1368, 0.1324, 0.7308],\n",
      "        [0.5639, 0.0858, 0.3503],\n",
      "        [0.2506, 0.2710, 0.4784],\n",
      "        [0.2749, 0.1875, 0.5376],\n",
      "        [0.1321, 0.4142, 0.4537],\n",
      "        [0.4093, 0.2065, 0.3843],\n",
      "        [0.3207, 0.1777, 0.5017],\n",
      "        [0.2645, 0.3098, 0.4257],\n",
      "        [0.2702, 0.3152, 0.4146],\n",
      "        [0.4006, 0.2985, 0.3009],\n",
      "        [0.2858, 0.2585, 0.4557],\n",
      "        [0.2202, 0.2006, 0.5792],\n",
      "        [0.4828, 0.2613, 0.2558],\n",
      "        [0.1271, 0.2835, 0.5893],\n",
      "        [0.4286, 0.3339, 0.2375],\n",
      "        [0.1935, 0.2711, 0.5353],\n",
      "        [0.4165, 0.3705, 0.2130],\n",
      "        [0.1560, 0.2752, 0.5689],\n",
      "        [0.4934, 0.3029, 0.2036],\n",
      "        [0.3259, 0.2636, 0.4105],\n",
      "        [0.3831, 0.2121, 0.4048],\n",
      "        [0.1256, 0.2511, 0.6233],\n",
      "        [0.4431, 0.3388, 0.2181],\n",
      "        [0.3944, 0.3574, 0.2482],\n",
      "        [0.6068, 0.1783, 0.2149],\n",
      "        [0.3881, 0.2842, 0.3277],\n",
      "        [0.4203, 0.2016, 0.3781],\n",
      "        [0.6156, 0.2150, 0.1695],\n",
      "        [0.2359, 0.2722, 0.4919],\n",
      "        [0.4440, 0.2501, 0.3059],\n",
      "        [0.4685, 0.3328, 0.1987],\n",
      "        [0.2759, 0.2380, 0.4861],\n",
      "        [0.2118, 0.2218, 0.5664],\n",
      "        [0.2621, 0.3713, 0.3666],\n",
      "        [0.3014, 0.3426, 0.3560],\n",
      "        [0.5287, 0.3700, 0.1013],\n",
      "        [0.1973, 0.1337, 0.6689],\n",
      "        [0.3958, 0.2271, 0.3770],\n",
      "        [0.4383, 0.3213, 0.2404],\n",
      "        [0.1480, 0.2278, 0.6243],\n",
      "        [0.0896, 0.3154, 0.5950],\n",
      "        [0.5882, 0.2301, 0.1817],\n",
      "        [0.2338, 0.1648, 0.6014],\n",
      "        [0.4147, 0.3365, 0.2488],\n",
      "        [0.4431, 0.2844, 0.2725],\n",
      "        [0.2871, 0.2601, 0.4528],\n",
      "        [0.2193, 0.2840, 0.4967],\n",
      "        [0.5235, 0.2045, 0.2720],\n",
      "        [0.1447, 0.1754, 0.6798],\n",
      "        [0.1711, 0.0859, 0.7431],\n",
      "        [0.1071, 0.2698, 0.6230],\n",
      "        [0.1461, 0.2148, 0.6391],\n",
      "        [0.4097, 0.1313, 0.4590],\n",
      "        [0.2506, 0.2733, 0.4761],\n",
      "        [0.3271, 0.3588, 0.3141],\n",
      "        [0.2986, 0.2621, 0.4394],\n",
      "        [0.1554, 0.2034, 0.6412],\n",
      "        [0.1466, 0.2132, 0.6401],\n",
      "        [0.1673, 0.2323, 0.6005],\n",
      "        [0.1943, 0.1387, 0.6671],\n",
      "        [0.3231, 0.4920, 0.1849],\n",
      "        [0.1265, 0.2636, 0.6099],\n",
      "        [0.3511, 0.4018, 0.2472],\n",
      "        [0.1852, 0.4296, 0.3852],\n",
      "        [0.2826, 0.2025, 0.5149],\n",
      "        [0.2227, 0.2503, 0.5270],\n",
      "        [0.3866, 0.3299, 0.2835],\n",
      "        [0.3435, 0.4663, 0.1902],\n",
      "        [0.5078, 0.2581, 0.2341],\n",
      "        [0.2472, 0.3025, 0.4503],\n",
      "        [0.1033, 0.3187, 0.5780],\n",
      "        [0.3306, 0.3182, 0.3513],\n",
      "        [0.5893, 0.2431, 0.1676],\n",
      "        [0.5061, 0.3775, 0.1164],\n",
      "        [0.4521, 0.3322, 0.2157],\n",
      "        [0.3912, 0.3703, 0.2384]], grad_fn=<SoftmaxBackward0>)\n",
      "1.1809279918670654\n"
     ]
    }
   ],
   "source": [
    "features = df.drop(['Start assignment', 'ranking'], axis=1).values\n",
    "X = StandardScaler().fit_transform(features)\n",
    "X = torch.tensor(X, dtype=torch.float32)\n",
    "y = torch.tensor(df['ranking'].values - 1)\n",
    "\n",
    "X_train, X_test, y_train, y_test = train_test_split(X, y, test_size=0.2)\n",
    "\n",
    "# define loss\n",
    "loss_func = nn.CrossEntropyLoss()\n",
    "\n",
    "epochs = 1 # feed forward 1 times\n",
    "for _ in range(epochs):\n",
    "    y_pred = model(X_train)\n",
    "    print(y_pred)\n",
    "    loss = loss_func(y_pred, y_train)\n",
    "    \n",
    "    with torch.no_grad():\n",
    "        test_loss = loss_func(model(X_test), y_test)\n",
    "        print(test_loss.item())"
   ]
  },
  {
   "cell_type": "markdown",
   "id": "47c873a7",
   "metadata": {},
   "source": [
    "The softmax activaiton function is applied to the final layer in the neural network to convert it into probabilites. It doesn't affect the loss function much, but it affects the predicted y-values. With softmax, all the predicted y-values are below 1 and are probability values. Without softmax, the predicted y-values can exceed 1."
   ]
  },
  {
   "cell_type": "markdown",
   "id": "c8fb16c6",
   "metadata": {},
   "source": [
    "## (b)\n",
    "\n",
    "*For debugging*: The accuracy could reach over 95\\% if the hyperparamters are tuned properly."
   ]
  },
  {
   "cell_type": "code",
   "execution_count": 115,
   "id": "5f35ba2d",
   "metadata": {},
   "outputs": [],
   "source": [
    "def train_and_val(model, X_train, y_train, epochs, draw_curve=True):\n",
    "    \"\"\"\n",
    "    Further split the data into acutal train and validation subsets.\n",
    "    \"\"\"\n",
    "    # Define your loss function, optimizer\n",
    "    loss_func = nn.CrossEntropyLoss()\n",
    "    optimizer = torch.optim.Adam(model.parameters(), lr = 0.01)\n",
    "    \n",
    "    X_train_in, X_val, y_train_in, y_val = train_test_split(X, y, test_size=0.2)\n",
    "    \n",
    "    val_losses = []\n",
    "    lowest_val_loss = np.inf\n",
    "    \n",
    "    weights = {}\n",
    "    for i in range(epochs):\n",
    "        # Compute the loss and do back-propagation\n",
    "        y_train_pred = model(X_train_in)\n",
    "        loss = loss_func(y_train_pred, y_train_in)\n",
    "        \n",
    "        optimizer.zero_grad()\n",
    "        loss.backward()\n",
    "        optimizer.step()\n",
    "        \n",
    "        # Compute validation loss and keep track of the lowest val loss\n",
    "        with torch.no_grad():\n",
    "            val_loss = loss_func(model(X_val), y_val)\n",
    "        \n",
    "        if val_loss < lowest_val_loss:\n",
    "            lowest_val_loss = val_loss\n",
    "            weights = model.state_dict() \n",
    "        val_losses.append(val_loss)\n",
    "        \n",
    "    # The final number of epochs is when the minimum error in validation set occurs    \n",
    "    final_epochs = np.argmin(val_losses)\n",
    "    print(\"Number of epochs with lowest validation:\", final_epochs)\n",
    "    print(f\"Validation loss: {np.min(val_losses)}\")\n",
    "    # Recover the model weights\n",
    "    model.load_state_dict(weights)\n",
    "\n",
    "    if draw_curve:\n",
    "        fig, ax = plt.subplots(1, 1, figsize=(5, 4), constrained_layout=True)\n",
    "        ax.plot(np.arange(epochs), val_losses, label='Validation loss')\n",
    "        ax.set_xlabel('Epochs')\n",
    "        ax.set_ylabel('Loss')\n",
    "        ax.legend()\n",
    "    \n",
    "    return model\n",
    "\n",
    "\n",
    "def calculate_accuracy_nn(model, X, y):\n",
    "    with torch.no_grad():\n",
    "        y_pred = torch.argmax(model(X), axis=1)\n",
    "        acc = torch.sum(y_pred == y) / len(y)\n",
    "    return acc.detach().numpy()\n",
    "\n",
    "\n",
    "def KFoldNN(k, X, y, epochs=500):\n",
    "    \"\"\"\n",
    "    K-Fold Validation for Neural Network\n",
    "    \n",
    "    Parameters\n",
    "    ---------\n",
    "    k: int\n",
    "        Number of folds\n",
    "    X: numpy.ndarray\n",
    "        Input data, shape (n_samples, n_features)\n",
    "    y: numpy.ndarray\n",
    "        Class labels, shape (n_samples)\n",
    "    epochs: int\n",
    "        Number of epochs during training\n",
    "    \"\"\"\n",
    "    # K-Fold\n",
    "    kf = KFold(n_splits=k, shuffle=True)\n",
    "    train_acc_all = []\n",
    "    test_acc_all = []\n",
    "    for train_index, test_index in kf.split(X):\n",
    "        X_train, X_test = X[train_index], X[test_index]\n",
    "        y_train, y_test = y[train_index], y[test_index]\n",
    "        \n",
    "        # further do a train/valid split on X_train\n",
    "        model = train_and_val(Net(), X_train, y_train, epochs)\n",
    "        \n",
    "        # Report prediction accuracy for this fold\n",
    "        # use calculate_accuracy_nn() function\n",
    "        train_acc = calculate_accuracy_nn(model, X_train, y_train)\n",
    "        train_acc_all.append(train_acc)\n",
    "        test_acc = calculate_accuracy_nn(model, X_test, y_test)\n",
    "        test_acc_all.append(test_acc)\n",
    "        print(\"Train accuracy:\", train_acc)\n",
    "        print(\"Test accuracy:\", test_acc)\n",
    "    \n",
    "    # report mean & std for the training/testing accuracy\n",
    "    print(\"Final results:\")\n",
    "    print(f\"Training accuracy: {np.mean(train_acc_all)}+/-{np.std(train_acc_all)}\")\n",
    "    print(f\"Testing  accuracy:, {np.mean(test_acc_all)}+/-{np.std(test_acc_all)}\")"
   ]
  },
  {
   "cell_type": "code",
   "execution_count": 116,
   "id": "988352bc",
   "metadata": {},
   "outputs": [
    {
     "name": "stdout",
     "output_type": "stream",
     "text": [
      "Number of epochs with lowest validation: 499\n",
      "Validation loss: 0.056678831577301025\n",
      "Train accuracy: 0.9915254\n",
      "Test accuracy: 1.0\n",
      "Number of epochs with lowest validation: 499\n",
      "Validation loss: 0.08388963341712952\n",
      "Train accuracy: 0.99159664\n",
      "Test accuracy: 1.0\n",
      "Number of epochs with lowest validation: 499\n",
      "Validation loss: 0.03717653825879097\n",
      "Train accuracy: 1.0\n",
      "Test accuracy: 0.9830508\n",
      "Final results:\n",
      "Training accuracy: 0.9943740367889404+/-0.003978277090936899\n",
      "Testing  accuracy:, 0.994350254535675+/-0.007989917881786823\n"
     ]
    },
    {
     "data": {
